10 0.074934 0.790721 0.036561 0.186431
10 0.107543 0.835022 0.022727 0.123672
10 0.137187 0.805488 0.040514 0.230731
10 0.259812 0.760963 0.014631 0.145373
10 0.295784 0.760265 0.013834 0.136593
10 0.280468 0.767569 0.020751 0.151517
10 0.334798 0.741600 0.018463 0.097636
10 0.358462 0.734799 0.013262 0.083063
10 0.395907 0.741600 0.024704 0.114151
10 0.421521 0.744514 0.014562 0.117066
10 0.445444 0.742571 0.022883 0.120952
10 0.469628 0.738443 0.016122 0.099093
10 0.684124 0.772263 0.021739 0.153206
10 0.718709 0.769494 0.029644 0.162435
10 0.830369 0.741806 0.015810 0.099676
10 0.884223 0.841482 0.062253 0.295336
10 0.949934 0.842405 0.061265 0.311949
13 0.592227 0.749190 0.043478 0.070142