12 0.328887 0.550126 0.050395 0.127907
11 0.203887 0.476666 0.114625 0.101980
1 0.054183 0.792112 0.091897 0.221245
1 0.127800 0.701367 0.069170 0.119265
1 0.173254 0.645192 0.041502 0.103708
1 0.201910 0.602844 0.027668 0.070867
10 0.937418 0.677404 0.125164 0.645192
10 0.779480 0.589881 0.080040 0.414834
10 0.631752 0.501728 0.025692 0.217788
10 0.662385 0.488765 0.047431 0.209145
10 0.561594 0.505185 0.061265 0.231616
10 0.512681 0.506914 0.048419 0.224702
10 0.330863 0.434318 0.046443 0.096795
13 0.508234 0.770506 0.177866 0.340509