10 0.414361 0.813721 0.033597 0.193288
10 0.458333 0.815952 0.018775 0.227485
10 0.481061 0.800340 0.030632 0.225998
10 0.527503 0.811491 0.036561 0.233432
10 0.588768 0.822642 0.046443 0.228972
10 0.609025 0.803314 0.019763 0.225998
10 0.642622 0.816695 0.047431 0.214104
10 0.698452 0.827103 0.040514 0.237893
10 0.752800 0.813721 0.038538 0.205183
10 0.840744 0.795136 0.038538 0.147196
10 0.888175 0.793649 0.028656 0.170986
3 0.842721 0.534941 0.248024 0.608114
19 0.540843 0.597387 0.073123 0.254248